[Palette-CMP]
0 60 35 51     * yellow
3 17 33 49     * green
8 24 40 56     * purple
12 28 44 48    * blue

[Palette-RGB]
0 59 51 62
2 16 23 58
4 33 46 61
1 10 29 63

[Tiles]
00 00 00 00 00 00 00 00
00 00 00 00 00 00 00 00
00 00 00 00 00 00 00 00
00 00 00 00 00 00 00 00
00 00 00 00 00 00 00 00
00 00 00 00 00 00 00 00
00 00 00 00 00 00 00 00
00 00 00 00 00 00 00 00
00 00 00 00 00 00 00 00
00 00 00 00 00 00 00 00
00 00 00 00 00 00 00 00
00 00 00 00 00 00 00 00
00 00 00 00 00 00 00 00
00 00 00 00 00 00 00 00
00 00 00 00 00 00 00 00
00 00 00 00 00 00 00 00

00 00 00 00 00 00 00 00
03 33 33 33 33 33 33 30
02 33 33 33 33 33 33 20
02 23 33 33 33 33 32 20
02 22 33 33 33 33 22 20
02 22 23 33 33 32 22 20
02 22 22 33 33 22 22 20
02 22 22 23 32 22 22 20
02 22 22 22 22 22 22 20
02 22 22 24 42 22 22 20
02 22 22 44 44 22 22 20
02 22 24 44 44 42 22 20
02 22 44 44 44 44 22 20
02 24 44 44 44 44 42 20
02 44 44 44 44 44 44 20
00 00 00 00 00 00 00 00

00 00 00 00 00 00 00 00
07 77 77 77 77 77 77 70
06 77 77 77 77 77 77 50
06 67 77 77 77 77 75 50
06 66 77 77 77 77 55 50
06 66 67 77 77 75 55 50
06 66 66 77 77 55 55 50
06 66 66 67 75 55 55 50
06 66 66 66 55 55 55 50
06 66 66 64 45 55 55 50
06 66 66 44 44 55 55 50
06 66 64 44 44 45 55 50
06 66 44 44 44 44 55 50
06 64 44 44 44 44 45 50
06 44 44 44 44 44 44 50
00 00 00 00 00 00 00 00

00 00 00 00 00 00 00 00
0b bb bb bb bb bb bb b0
0a bb bb bb bb bb bb 90
0a ab bb bb bb bb b9 90
0a aa bb bb bb bb 99 90
0a aa ab bb bb b9 99 90
0a aa aa bb bb 99 99 90
0a aa aa ab b9 99 99 90
0a aa aa aa 99 99 99 90
0a aa aa a8 89 99 99 90
0a aa aa 88 88 99 99 90
0a aa a8 88 88 89 99 90
0a aa 88 88 88 88 99 90
0a a8 88 88 88 88 89 90
0a 88 88 88 88 88 88 90
00 00 00 00 00 00 00 00

00 00 00 00 00 00 00 00
01 11 11 11 11 11 11 10
0e 11 11 11 11 11 11 d0
0e e1 11 11 11 11 1d d0
0e ee 11 11 11 11 dd d0
0e ee e1 11 11 1d dd d0
0e ee ee 11 11 dd dd d0
0e ee ee e1 1d dd dd d0
0e ee ee ee dd dd dd d0
0e ee ee ec cd dd dd d0
0e ee ee cc cc dd dd d0
0e ee ec cc cc cd dd d0
0e ee cc cc cc cc dd d0
0e ec cc cc cc cc cd d0
0e cc cc cc cc cc cc d0
00 00 00 00 00 00 00 00



